000258
001258
002258
00258
002580
002581
002582
002583
002584
002585
002586
002587
002588
002589
00258a
00258b
00258c
00258d
00258e
00258f
003258
004258
005258
006258
007258
008258
009258
00a258
00b258
00c258
00d258
00e258
00f258
010258
011258
012258
01258
012580
012581
012582
012583
012584
012585
012586
012587
012588
012589
01258a
01258b
01258c
01258d
01258e
01258f
013258
014258
015258
000258
001258
002258
00258
002580
002581
002582
002583
002584
002585
002586
002587
002588
002589
00258a
00258b
00258c
00258d
00258e
00258f
003258
004258
005258
006258
007258
008258
009258
00a258
00b258
00c258
00d258
00e258
00f258
010258
011258
012258
01258
012580
012581
012582
012583
012584
012585
012586
012587
012588
012589
01258a
01258b
01258c
01258d
01258e
01258f
013258
014258
015258
000258
001258
002258
00258
002580
002581
002582
002583
002584
002585
002586
002587
002588
002589
00258a
00258b
00258c
00258d
00258e
00258f
003258
004258
005258
006258
007258
008258
009258
00a258
00b258
00c258
00d258
00e258
00f258
010258
011258
012258
01258
012580
012581
012582
012583
012584
012585
012586
012587
012588
012589
01258a
01258b
01258c
01258d
01258e
01258f
013258
014258
015258
